ADD 001 @05 @05
PIX 0FF 003 00B
ADD 001 @D0 @D0
MOD @D0 003 @D1
JNE @D1 000 @00
FLP @06 @07 000
ADD @D2 001 @D2
MOD @D2 002 @D3
JNE 000 @D3 @00
ADD @05 001 @05
PIX @05 @06 000
ADD @05 001 @05
PIX @05 @07 000
ADD @D2 001 @D2
JMP @00 000 000
000 000 000 000
000 000 000 000
000 000 000 000
000 000 000 000
000 000 000 000
000 000 000 000
000 000 000 000
000 000 000 000
000 000 000 000
000 000 000 000
000 000 000 000
000 000 000 000
000 000 000 000
000 000 000 000
000 000 000 000
000 000 000 000
000 000 000 000
000 000 000 000
000 000 000 000
000 000 000 000
000 000 000 000
000 000 000 000
000 000 000 000
000 000 000 000
000 000 000 000
000 000 000 000
000 000 000 000
000 000 000 000
000 000 000 000
000 000 000 000
000 000 000 000
000 000 000 000
000 000 000 000
000 000 000 000
000 000 000 000
000 000 000 000
000 000 000 000
002 000 000 000
000 000 000 000
000 000 000 000
000 000 000 000
000 000 000 000
000 000 000 000
000 000 000 000
000 000 000 000
000 000 000 000
000 000 000 000
000 000 000 000
000 000 000 000
