MOV 000 @88 000
MOV 000 @8C 000
PIX 000 002 000
ADD @88 001 @88
ADD @8C 001 @8C
MOD @88 002 @84
000 000 000 000
JEQ 000 @84 @5C
JEQ 001 @84 @64
JEQ 00F @8C @A0
JMP @0C 000 000
000 000 000 000
ADD @88 001 @88
ADD @8C 001 @8C
MOD @88 002 @84
000 000 000 000
JEQ 000 @84 @6C
JEQ 001 @84 @78
JEQ 01F @8C @B0
JMP @30 000 000
000 000 000 000
000 000 000 000
000 000 000 000
PIX @88 002 000
JMP @24 000 000
PIX @88 003 000
JMP @24 000 000
000 000 000 000
PIX @88 003 000
JMP @48 000 000
PIX @88 002 000
JMP @48 000 000
000 000 000 000
000 000 000 000
000 000 000 000
000 000 000 000
000 000 000 000
000 000 000 000
000 000 000 000
000 000 000 000
ADD 020 @26 @26
JMP @30 000 000
000 000 000 000
000 000 000 000
ADD 020 @4A @4A
JMP @0C 000 000
000 000 000 000
000 000 000 000
000 000 000 000
000 000 000 000
000 000 000 000
000 000 000 000
000 000 000 000
000 000 000 000
000 000 000 000
000 000 000 000
000 000 000 000
000 000 000 000
000 000 000 000
000 000 000 000
000 000 000 000
000 000 000 000
000 000 000 000
000 000 000 000
