PIX @70 008 000
ADD @01 001 @01
JNE *01 @98 @00
PIX @98 004 000
ADD @0E 001 @0E
JNE *0D @B6 @0C
000 000 000 000
000 000 000 000
000 000 000 000
000 000 000 000
000 000 000 000
000 000 000 000
000 000 000 000
000 000 000 000
000 000 000 000
000 000 000 000
000 000 000 000
000 000 000 000
000 000 000 000
000 000 000 000
000 000 000 000
000 000 000 000
000 000 000 000
000 000 000 000
000 000 000 000
000 000 000 000
000 000 000 000
000 000 000 000
005 006 007 008
009 014 015 016
017 018 019 01A
01B 01C 074 075
077 078 07A 07B
083 084 085 087
088 08A 08B 08C
092 093 094 095
097 098 09A 09B
09C 09D 0A4 0AB
024 025 026 029
033 035 039 043
045 046 04A 054
059 05A 05B 05C
0E3 0E4 0E5 0EA
0EB 0EC 0F2 0F3
0F4 0F5 0FA 0FB
0FC 0D0 000 000
000 000 000 000
000 000 000 000
000 000 000 000
000 000 000 000
000 000 000 000
000 000 000 000
000 000 000 000
000 000 000 000
000 000 000 000
000 000 000 000
000 000 000 000
000 000 000 000
000 000 000 000
000 000 000 000
000 000 000 000
000 000 000 000
000 000 000 000
000 000 000 000
