PIX @E0 008 001
ADD @E0 010 @E0
ADD @E1 001 @E1
JGR 004 @E1 @00
FLP @06 @03 001
JEQ @E2 001 @30
PIX 011 008 000
PIX 022 008 000
MOV 000 @E1 000
SUB @E0 010 @E0
ADD 001 @E2 @E2
JMP @00 000 000
MOV @F0 @E0 000
MOV 000 @E1 000
ADD 001 @31 @31
SUB @E2 001 @E2
JMP @00 000 000
000 000 000 000
000 000 000 000
000 000 000 000
000 000 000 000
000 000 000 000
000 000 000 000
000 000 000 000
000 000 000 000
000 000 000 000
000 000 000 000
000 000 000 000
000 000 000 000
000 000 000 000
000 000 000 000
000 000 000 000
000 000 000 000
000 000 000 000
000 000 000 000
000 000 000 000
000 000 000 000
000 000 000 000
000 000 000 000
000 000 000 000
000 000 000 000
000 000 000 000
000 000 000 000
000 000 000 000
000 000 000 000
000 000 000 000
000 000 000 000
000 000 000 000
000 000 000 000
000 000 000 000
000 000 000 000
000 000 000 000
000 000 000 000
000 000 000 000
000 000 000 000
000 000 000 000
000 000 000 000
000 000 000 000
000 000 000 000
000 000 000 000
040 044 080 088
0C0 0C4 0C8 0CC
000 000 000 000
000 000 000 000
