PIX 062 00B 062
ADD @01 001 @01
JNE @01 065 @00
PIX @F8 008 000
PIX @01 00B 010
JEQ *11 @F8 @40
JEQ *11 @F4 @70
JEQ *11 @FB @C0
ADD @01 001 @01
PIX @03 000 000
ADD *25 001 *25
JMP @10 000 000
000 000 000 000
000 000 000 000
000 000 000 000
000 000 000 000
000 000 000 000
SUB @03 001 @03
ADD @0D 001 @0D
ADD @16 001 @16
ADD 000 @26 @26
JMP @0C 000 000
000 000 000 000
000 000 000 000
000 000 000 000
000 000 000 000
000 000 000 000
000 000 000 000
ADD 001 @1A @1A
FLP @13 @22 000
MOV @EC @20 000
ADD @79 001 @79
JMP @1C 000 000
000 000 000 000
000 000 000 000
000 000 000 000
000 000 000 000
000 000 000 000
000 000 000 000
000 000 000 000
000 000 000 000
000 000 000 000
000 000 000 000
000 000 000 000
000 000 000 000
000 000 000 000
000 000 000 000
000 000 000 000
PIX 000 000 000
JMP @C0 000 000
000 000 000 000
000 000 000 000
000 000 000 000
000 000 000 000
000 000 000 000
000 000 000 000
000 000 000 000
000 000 000 000
000 000 000 000
01D 01D 013 01D
000 000 000 000
06D 01D 017 0C7
06a 01d 087 0C1
000 000 000 000
