Version 0.9.7
5
 4 10 175 77 128 0 1
 5 80 400 206 81 2 2
 0 130 130 877 276 8 3
 3 100 434 203 58 140 4
 1 112 36 206 81 149 5
 0
47
 16711680 5 71 189 71 189 71 142 183 142 183 144 183 144 0 1 0 3
 16711680 5 950 144 950 144 989 144 989 378 950 378 950 378 0 3 0 3
 16711680 5 71 275 71 275 71 391 71 391 183 391 183 391 0 1 0 3
 16711680 5 950 391 950 391 1002 391 1002 157 950 157 950 157 0 3 0 3
 16711680 5 71 262 71 262 54 262 54 471 111 471 111 471 0 1 0 4
 16711680 5 71 249 71 249 54 249 54 105 127 105 127 105 0 1 0 5
 16711680 5 71 202 71 202 71 47 71 47 127 47 127 47 0 1 0 5
 255 5 187 73 187 92 105 92 105 354 183 354 183 339 0 5 0 3
 255 5 183 287 183 287 183 287 183 248 183 248 183 248 0 3 0 3
 33023 5 206 73 206 82 125 82 125 348 196 348 196 339 0 5 0 3
 33023 5 196 248 196 248 196 248 196 287 196 287 196 287 0 3 0 3
 16711680 5 261 196 261 196 261 196 261 144 261 144 261 144 0 3 0 3
 16711680 5 404 196 404 196 404 196 404 144 404 144 404 144 0 3 0 3
 16711680 5 521 196 521 196 521 196 521 144 521 144 521 144 0 3 0 3
 16711680 5 651 196 651 196 651 196 651 144 651 144 651 144 0 3 0 3
 16711680 5 729 339 729 339 729 339 729 391 729 391 729 391 0 3 0 3
 16711680 5 599 339 599 339 599 339 599 391 599 391 599 391 0 3 0 3
 16711680 5 482 339 482 339 482 339 482 391 482 391 482 391 0 3 0 3
 16711680 5 339 339 339 339 339 339 339 391 339 391 339 391 0 3 0 3
 65280 5 170 287 170 287 170 287 170 248 170 248 170 248 0 3 0 3
 65408 5 170 235 170 235 170 228 274 228 274 235 274 235 0 3 0 3
 255 5 183 235 183 235 183 243 300 243 300 235 300 235 0 3 0 3
 33023 5 196 235 196 235 196 233 326 233 326 235 326 235 0 3 0 3
 33023 5 326 222 326 222 326 222 417 222 417 222 417 222 0 3 0 3
 65280 5 168 73 168 73 137 73 137 326 170 326 170 326 0 5 0 3
 255 5 300 222 300 222 300 229 430 229 430 222 430 222 0 3 0 3
 65535 5 443 222 443 222 443 222 456 222 456 222 456 222 0 3 0 3
 65535 5 482 222 482 222 482 215 664 215 664 222 664 222 0 3 0 3
 65280 5 170 222 170 222 170 214 469 214 469 222 469 222 0 3 0 3
 65535 5 690 222 690 222 690 222 703 222 703 222 703 222 0 3 0 3
 65535 5 286 478 286 478 895 478 895 222 729 222 729 222 0 4 0 3
 33023 5 326 209 326 209 404 209 404 209 404 300 404 300 0 3 0 3
 65535 5 430 300 430 300 430 300 443 300 443 300 443 300 0 3 0 3
 65535 5 469 300 469 300 469 268 677 268 677 222 677 222 0 3 0 3
 65280 5 170 300 170 300 170 291 417 291 417 300 417 300 0 3 0 3
 255 5 456 300 456 300 456 300 183 300 183 300 183 300 0 3 0 3
 255 5 183 313 183 313 183 309 491 309 491 235 534 235 0 3 0 3
 33023 5 196 313 196 313 503 313 503 235 547 235 547 235 0 3 0 3
 65535 5 560 235 560 235 560 235 573 235 573 235 573 235 0 3 0 3
 65535 5 599 235 599 235 651 235 651 235 651 300 651 300 0 3 0 3
 65535 5 547 300 547 300 547 300 560 300 560 300 560 300 0 3 0 3
 65535 5 586 300 586 300 586 300 664 300 664 300 664 300 0 3 0 3
 65535 5 677 300 677 300 716 300 716 300 716 222 716 222 0 3 0 3
 65280 5 287 196 287 196 586 196 586 196 586 235 586 235 0 3 0 3
 65280 5 170 313 170 313 521 313 521 313 521 300 521 300 0 3 0 3
 4227327 5 196 326 196 326 573 326 573 326 573 300 573 300 0 3 0 3
 255 5 183 326 183 326 534 326 534 326 534 300 534 300 0 3 0 3
4
 7008 1 14 398 248 5 0 8583336 22803856 3
 7008 1 14 515 248 5 0 8583336 22803856 3
 7032 1 14 645 248 5 0 8583336 22803856 3
 7004 1 14 255 248 5 0 8583336 22803856 3
