Version 0.9.7
6
 4 10 175 77 128 0 1
 5 80 400 206 81 2 2
 0 110 110 877 276 8 3
 1 62 420 206 81 140 4
 1 300 418 206 81 150 5
 3 93 14 203 58 160 6
 0
54
 16711680 5 71 189 71 189 71 124 71 124 163 124 163 124 0 1 0 3
 16711680 5 71 288 71 288 71 371 71 371 163 371 163 371 0 1 0 3
 16711680 5 315 429 315 429 315 358 315 358 319 358 319 358 0 5 0 3
 16711680 5 930 124 930 124 951 124 951 358 930 358 930 358 0 3 0 3
 16711680 5 930 371 930 371 930 371 930 137 930 137 930 137 0 3 0 3
 16711680 5 77 431 77 431 77 358 77 358 163 358 163 358 0 4 0 3
 16711680 5 176 371 176 371 85 371 85 489 77 489 77 489 0 3 0 4
 16711680 5 315 487 315 487 315 371 315 371 319 371 319 371 0 5 0 3
 16711680 5 241 176 241 176 241 176 241 124 241 124 241 124 0 3 0 3
 16711680 5 384 319 384 319 384 319 384 371 384 371 384 371 0 3 0 3
 65280 5 175 431 175 431 175 319 175 319 176 319 176 319 0 4 0 3
 65280 5 156 431 156 431 156 319 156 319 163 319 163 319 0 4 0 3
 65280 5 137 431 137 431 142 431 142 319 150 319 150 319 0 4 0 3
 65280 5 118 431 118 431 118 319 118 319 137 319 137 319 0 4 0 3
 255 5 251 431 251 431 251 339 228 339 228 319 228 319 0 4 0 3
 255 5 232 431 232 431 232 339 215 339 215 319 215 319 0 4 0 3
 255 5 213 431 213 431 213 337 202 337 202 319 202 319 0 4 0 3
 255 5 194 431 194 431 194 319 194 319 189 319 189 319 0 4 0 3
 65280 5 254 280 254 280 254 280 176 280 176 280 176 280 0 3 0 3
 65280 5 163 267 163 267 163 267 163 228 163 228 163 228 0 3 0 3
 65280 5 150 267 150 267 150 267 150 228 150 228 150 228 0 3 0 3
 65280 5 137 267 137 267 137 267 137 228 137 228 137 228 0 3 0 3
 65280 5 163 215 163 215 163 221 254 221 254 215 254 215 0 3 0 3
 65280 5 150 202 150 202 150 207 280 207 280 202 280 202 0 3 0 3
 65280 5 137 189 137 189 137 196 306 196 306 189 306 189 0 3 0 3
 255 5 228 267 228 267 228 280 228 280 241 280 241 280 0 3 0 3
 255 5 215 267 215 267 215 267 215 228 215 228 215 228 0 3 0 3
 255 5 202 267 202 267 202 267 202 228 202 228 202 228 0 3 0 3
 255 5 189 267 189 267 189 267 189 228 189 228 189 228 0 3 0 3
 255 5 215 215 215 215 215 215 267 215 267 215 267 215 0 3 0 3
 255 5 202 202 202 202 202 202 293 202 293 202 293 202 0 3 0 3
 255 5 189 189 189 189 189 189 319 189 319 189 319 189 0 3 0 3
 16711680 5 104 51 104 51 104 137 104 137 163 137 163 137 0 6 0 3
 33023 5 375 429 375 429 375 425 267 425 267 319 267 319 0 5 0 3
 33023 5 280 319 280 319 280 417 394 417 394 429 394 429 0 3 0 5
 33023 5 293 319 293 319 293 407 413 407 413 429 413 429 0 3 0 5
 33023 5 432 429 432 429 432 397 306 397 306 319 306 319 0 5 0 3
 65535 5 345 280 345 280 345 280 423 280 423 280 423 280 0 3 0 3
 65535 5 358 293 358 293 358 293 410 293 410 293 410 293 0 3 0 3
 65535 5 371 306 371 306 371 306 397 306 397 306 397 306 0 3 0 3
 65535 5 423 267 423 267 423 267 423 228 423 228 423 228 0 3 0 3
 65535 5 410 267 410 267 410 267 410 228 410 228 410 228 0 3 0 3
 65535 5 397 228 397 228 397 228 397 267 397 267 397 267 0 3 0 3
 65535 5 423 176 423 176 423 73 279 73 279 58 279 58 0 3 0 6
 65535 5 259 58 259 58 259 91 410 91 410 176 410 176 0 6 0 3
 65535 5 239 58 239 58 239 108 397 108 397 176 397 176 0 6 0 3
 65535 5 384 176 384 176 384 122 219 122 219 58 219 58 0 3 0 6
 16512 5 319 319 319 319 319 386 451 386 451 429 451 429 0 3 0 5
 8388736 5 332 319 332 319 332 376 470 376 470 429 470 429 0 3 0 5
 16711680 5 462 124 462 124 462 124 462 176 462 176 462 176 0 3 0 3
 16711680 5 540 319 540 319 540 319 540 371 540 371 540 371 0 3 0 3
 16512 5 345 215 345 215 345 208 475 208 475 215 475 215 0 3 0 3
 16512 5 488 215 488 215 488 202 488 202 449 202 449 202 0 3 0 3
 16512 5 449 189 449 189 449 142 199 142 199 58 199 58 0 3 0 6
2
 7181 1 24 235 228 5 0 0 5160 3
 7004 1 14 456 228 5 0 0 5160 3
