Version 0.9.7
6
 4 6 280 77 128 0 1
 5 80 400 206 81 2 2
 0 94 196 877 276 8 3
 1 162 483 206 81 140 4
 3 401 97 203 58 150 5
 1 174 38 206 81 159 6
 0
43
 16711680 5 67 294 67 294 67 210 67 210 147 210 147 210 0 1 0 3
 16711680 5 67 393 67 393 67 444 67 444 147 444 147 444 0 1 0 3
 16711680 5 914 210 914 210 987 210 987 457 914 457 914 457 0 3 0 3
 16711680 5 914 223 914 223 969 223 969 444 914 444 914 444 0 3 0 3
 16711680 5 186 210 186 210 186 210 186 262 186 262 186 262 0 3 0 3
 16711680 5 412 134 412 134 412 223 412 223 407 223 407 223 0 5 0 3
 16711680 5 177 494 177 494 177 493 173 493 173 457 173 457 0 4 0 3
 16711680 5 177 552 177 552 163 552 163 444 160 444 160 444 0 4 0 3
 16711680 5 264 405 264 405 264 405 264 444 264 444 264 444 0 3 0 3
 65280 5 237 494 237 494 237 415 199 415 199 366 199 366 0 4 0 3
 255 5 186 366 186 366 186 427 218 427 218 494 218 494 0 3 0 4
 16711680 5 316 262 316 262 316 262 316 210 316 210 316 210 0 3 0 3
 16711680 5 394 405 394 405 394 405 394 444 394 444 394 444 0 3 0 3
 33023 5 238 366 238 366 238 406 256 406 256 494 256 494 0 3 0 4
 16776960 5 275 494 275 494 275 424 225 424 225 366 225 366 0 4 0 3
 16711680 5 189 49 189 49 174 49 174 210 173 210 173 210 0 6 0 3
 16711680 5 189 107 189 107 189 107 199 107 199 223 199 223 0 6 0 3
 32896 5 230 75 230 79 213 79 213 222 199 222 199 262 0 6 0 3
 8421440 5 249 75 249 75 249 230 212 230 212 262 212 262 0 6 0 3
 8388736 5 238 262 238 262 238 239 268 239 268 75 268 75 0 3 0 6
 4227072 5 287 75 287 75 287 252 251 252 251 262 251 262 0 6 0 3
 16711680 5 446 262 446 262 446 262 446 210 446 210 446 210 0 3 0 3
 16711680 5 524 405 524 405 524 405 524 444 524 444 524 444 0 3 0 3
 65535 5 225 301 225 301 225 301 329 301 329 301 329 301 0 3 0 3
 65535 5 264 288 264 288 264 288 342 288 342 288 342 288 0 3 0 3
 65535 5 212 366 212 366 212 366 316 366 316 366 316 366 0 3 0 3
 65535 5 251 379 251 379 251 379 329 379 329 379 329 379 0 3 0 3
 255 5 294 494 294 494 294 433 446 433 446 366 446 366 0 4 0 3
 65280 5 313 494 313 494 313 455 459 455 459 366 459 366 0 4 0 3
 8388863 5 332 494 332 494 332 468 485 468 485 405 485 405 0 4 0 3
 16744703 5 351 494 351 494 498 494 498 494 498 405 498 405 0 4 0 3
 65535 5 472 366 472 366 472 353 498 353 498 301 498 301 0 3 0 3
 65535 5 511 366 511 366 511 366 511 301 511 301 511 301 0 3 0 3
 65535 5 524 301 524 301 524 268 459 268 459 301 459 301 0 3 0 3
 0 5 306 75 306 75 306 246 472 246 472 262 472 262 0 6 0 3
 65535 5 485 301 485 301 485 283 368 283 368 301 368 301 0 3 0 3
 65535 5 355 301 355 301 355 295 381 295 381 301 381 301 0 3 0 3
 65535 5 342 366 342 366 342 366 355 366 355 366 355 366 0 3 0 3
 65535 5 394 301 394 301 394 334 368 334 368 366 368 366 0 3 0 3
 65535 5 381 366 381 366 589 366 589 366 589 301 589 301 0 3 0 3
 65535 5 602 301 602 301 602 141 602 141 587 141 587 141 0 3 0 5
 16711680 5 576 262 576 262 576 262 576 210 576 210 576 210 0 3 0 3
 16711680 5 654 405 654 405 654 405 654 444 654 444 654 444 0 3 0 3
4
 7008 1 14 180 314 5 0 8583336 21305904 3
 7008 1 14 310 314 5 0 8583336 21305904 3
 7008 1 14 440 314 5 0 8583336 21305904 3
 7004 1 14 570 314 5 0 8583336 21305904 3
