Version 0.9.7
6
 4 6 280 77 128 0 1
 5 80 400 206 81 2 2
 0 94 196 877 276 8 3
 1 162 483 206 81 140 4
 3 401 97 203 58 150 5
 1 174 38 206 81 217 6
 0
31
 16711680 5 67 294 67 294 67 210 67 210 147 210 147 210 0 1 0 3
 16711680 5 67 393 67 393 67 444 67 444 147 444 147 444 0 1 0 3
 16711680 5 914 210 914 210 987 210 987 457 914 457 914 457 0 3 0 3
 16711680 5 914 223 914 223 969 223 969 444 914 444 914 444 0 3 0 3
 16711680 5 186 210 186 210 186 210 186 262 186 262 186 262 0 3 0 3
 16711680 5 412 134 412 134 412 223 412 223 407 223 407 223 0 5 0 3
 16711680 5 177 494 177 494 177 493 173 493 173 457 173 457 0 4 0 3
 16711680 5 177 552 177 552 163 552 163 444 160 444 160 444 0 4 0 3
 16711680 5 264 405 264 405 264 405 264 444 264 444 264 444 0 3 0 3
 65280 5 237 494 237 494 237 415 199 415 199 366 199 366 0 4 0 3
 255 5 186 366 186 366 186 427 218 427 218 494 218 494 0 3 0 4
 16711680 5 316 262 316 262 316 262 316 210 316 210 316 210 0 3 0 3
 16711680 5 394 405 394 405 394 405 394 444 394 444 394 444 0 3 0 3
 33023 5 238 366 238 366 238 406 256 406 256 494 256 494 0 3 0 4
 16776960 5 275 494 275 494 275 424 225 424 225 366 225 366 0 4 0 3
 16711680 5 189 49 189 49 174 49 174 210 173 210 173 210 0 6 0 3
 16711680 5 189 107 189 107 189 107 199 107 199 223 199 223 0 6 0 3
 32896 5 230 75 230 79 213 79 213 222 199 222 199 262 0 6 0 3
 8421440 5 249 75 249 75 249 230 212 230 212 262 212 262 0 6 0 3
 8388736 5 238 262 238 262 238 239 268 239 268 75 268 75 0 3 0 6
 4227072 5 287 75 287 75 287 252 251 252 251 262 251 262 0 6 0 3
 16711680 5 446 262 446 262 446 262 446 210 446 210 446 210 0 3 0 3
 16711680 5 524 405 524 405 524 405 524 444 524 444 524 444 0 3 0 3
 65535 5 225 301 225 301 225 301 329 301 329 301 329 301 0 3 0 3
 65535 5 264 288 264 288 264 288 342 288 342 288 342 288 0 3 0 3
 65535 5 212 366 212 366 212 366 316 366 316 366 316 366 0 3 0 3
 65535 5 251 379 251 379 251 379 329 379 329 379 329 379 0 3 0 3
 65535 5 342 379 342 379 381 379 381 379 381 301 381 301 0 3 0 3
 65535 5 355 301 355 301 355 301 368 301 368 301 368 301 0 3 0 3
 65535 5 394 301 394 301 394 301 459 301 459 301 459 301 0 3 0 3
 65535 5 472 301 472 301 472 141 472 141 447 141 447 141 0 3 0 5
3
 7008 1 14 180 314 5 0 8583336 21305904 3
 7008 1 14 310 314 5 0 8583336 21305904 3
 7004 1 14 440 314 5 0 8583336 21305904 3
