Version 0.9.7
5
 4 6 280 77 128 0 1
 5 80 400 206 81 2 2
 0 94 196 877 276 8 3
 1 162 483 206 81 140 4
 3 401 97 203 58 150 5
 0
13
 16711680 5 67 294 67 294 67 210 67 210 147 210 147 210 0 1 0 3
 16711680 5 67 393 67 393 67 444 67 444 147 444 147 444 0 1 0 3
 16711680 5 914 210 914 210 987 210 987 457 914 457 914 457 0 3 0 3
 16711680 5 914 223 914 223 969 223 969 444 914 444 914 444 0 3 0 3
 16711680 5 186 210 186 210 186 210 186 262 186 262 186 262 0 3 0 3
 16711680 5 264 405 264 405 264 405 264 444 264 444 264 444 0 3 0 3
 65280 5 218 494 218 494 218 330 199 330 199 301 199 301 0 4 0 3
 16711680 5 412 134 412 134 412 223 412 223 407 223 407 223 0 5 0 3
 16711680 5 177 494 177 494 177 493 173 493 173 457 173 457 0 4 0 3
 16711680 5 177 552 177 552 163 552 163 444 160 444 160 444 0 4 0 3
 16711680 5 290 262 290 262 290 262 290 210 290 210 290 210 0 3 0 3
 16711680 5 368 405 368 405 368 405 368 444 368 444 368 444 0 3 0 3
 65535 5 212 301 212 301 447 301 447 301 447 141 447 141 0 3 0 5
1
 7004 1 14 180 314 5 0 8583336 21305904 3
