Version 0.9.7
5
 4 10 175 77 128 0 1
 5 80 400 206 81 2 2
 0 112 184 877 276 8 3
 1 207 69 206 81 140 4
 3 479 72 203 58 150 5
 0
22
 16711680 5 71 189 71 189 165 189 165 189 165 198 165 198 0 1 0 3
 16711680 5 71 249 71 249 71 227 165 227 165 211 165 211 0 1 0 3
 16711680 5 204 198 204 198 204 80 204 80 222 80 222 80 0 3 0 4
 16711680 5 217 211 217 211 217 138 217 138 222 138 222 138 0 3 0 4
 16711680 5 932 198 932 198 1007 198 1007 445 932 445 932 445 0 3 0 3
 16711680 5 932 211 932 211 992 211 992 432 932 432 932 432 0 3 0 3
 65280 5 263 106 253 106 253 218 217 218 217 250 217 250 0 4 0 3
 255 5 243 250 243 250 243 228 275 228 275 106 282 106 0 3 0 4
 65535 5 425 276 425 276 425 276 347 276 347 276 347 276 0 3 0 3
 255 5 243 263 243 263 243 263 334 263 334 263 334 263 0 3 0 3
 16711680 5 204 250 204 250 194 250 194 198 191 198 191 198 0 3 0 3
 16711680 5 282 393 282 393 282 393 282 432 282 432 282 432 0 3 0 3
 16711680 5 308 250 308 250 308 250 308 198 308 198 308 198 0 3 0 3
 16711680 5 412 250 412 250 412 250 412 198 412 198 412 198 0 3 0 3
 16711680 5 386 393 386 393 386 393 386 432 386 432 386 432 0 3 0 3
 16711680 5 490 393 490 393 490 393 490 432 490 432 490 432 0 3 0 3
 8388863 5 256 289 256 289 256 289 360 289 360 289 360 289 0 3 0 3
 32768 5 230 276 230 276 230 276 321 276 321 276 321 276 0 3 0 3
 65280 5 217 289 217 289 217 302 373 302 373 289 373 289 0 3 0 3
 65535 5 386 289 386 289 386 289 438 289 438 289 438 289 0 3 0 3
 65535 5 451 289 451 289 451 146 525 146 525 116 525 116 0 3 0 5
 16711680 5 490 109 490 109 490 109 490 211 490 211 490 211 0 5 0 3
3
 7008 1 14 302 302 5 0 8583336 21305904 3
 7004 1 14 198 302 5 0 8583336 21305904 3
 7032 1 14 406 302 5 0 8583336 21305904 3
