Version 0.9.7
5
 4 10 175 77 128 0 1
 5 80 400 206 81 2 2
 0 110 110 877 276 8 3
 3 51 401 203 58 140 4
 1 226 9 206 81 149 5
 0
13
 16711680 5 71 288 71 288 71 358 71 358 163 358 163 358 0 1 0 3
 16711680 5 930 124 930 124 981 124 981 371 930 371 930 371 0 3 0 3
 16711680 5 930 358 930 358 969 358 969 137 930 137 930 137 0 3 0 3
 16711680 5 71 189 71 189 70 189 70 124 163 124 163 124 0 1 0 3
 16711680 5 71 275 71 275 62 275 62 275 62 438 62 438 0 1 0 4
 16711680 5 267 176 267 176 267 176 267 124 267 124 267 124 0 3 0 3
 16711680 5 345 319 345 319 345 319 345 358 345 358 345 358 0 3 0 3
 16711680 5 241 124 241 124 227 124 227 20 241 20 241 20 0 3 0 5
 16711680 5 254 137 254 137 254 78 254 78 241 78 241 78 0 3 0 5
 65535 5 293 215 293 215 330 215 330 445 237 445 237 445 0 3 0 4
 65280 5 282 46 282 46 282 215 282 215 280 215 280 215 0 5 0 3
 255 5 301 46 301 46 302 46 302 256 267 256 267 280 0 5 0 3
 16711808 5 320 46 320 46 320 268 280 268 280 280 280 280 0 5 0 3
1
 7010 1 14 261 228 5 0 8583336 23436048 3
