Version 0.9.7
6
 4 10 175 77 128 0 1
 5 80 400 206 81 2 2
 0 110 110 877 276 8 3
 3 -10 49 203 58 140 4
 1 220 480 206 81 149 5
 1 205 31 206 81 251 6
 0
25
 16711680 5 71 288 71 288 71 358 71 358 163 358 163 358 0 1 0 3
 16711680 5 930 124 930 124 981 124 981 371 930 371 930 371 0 3 0 3
 16711680 5 930 358 930 358 969 358 969 137 930 137 930 137 0 3 0 3
 16711680 5 71 189 71 189 70 189 70 124 163 124 163 124 0 1 0 3
 16711680 5 71 275 71 275 1 275 1 275 1 86 1 86 0 1 0 4
 16711680 5 267 176 267 176 267 176 267 124 267 124 267 124 0 3 0 3
 16711680 5 235 491 235 491 235 371 235 371 241 371 241 371 0 5 0 3
 16711680 5 228 358 228 358 228 549 228 549 235 549 235 549 0 3 0 5
 16711808 5 314 491 314 491 314 462 267 462 267 280 267 280 0 5 0 3
 33023 5 333 491 333 491 331 491 331 450 280 450 280 280 0 5 0 3
 16512 5 352 491 352 491 352 435 293 435 293 280 293 280 0 5 0 3
 8388736 5 371 491 371 491 371 419 306 419 306 280 306 280 0 5 0 3
 8421440 5 390 491 390 491 390 401 319 401 319 280 319 280 0 5 0 3
 16711935 5 409 491 409 491 409 383 332 383 332 280 332 280 0 5 0 3
 16711680 5 358 358 358 358 358 358 358 319 358 319 358 319 0 3 0 3
 65280 5 345 280 345 280 345 370 295 370 295 491 295 491 0 3 0 5
 16711680 5 220 42 220 42 230 42 230 124 228 124 228 124 0 6 0 3
 16711680 5 220 100 220 100 220 137 220 137 215 137 215 137 0 6 0 3
 255 5 261 68 261 68 271 68 271 215 280 215 280 215 0 6 0 3
 16777088 5 280 68 287 68 287 202 293 202 293 215 293 215 0 6 0 3
 32896 5 299 68 299 68 305 68 305 215 306 215 306 215 0 6 0 3
 65280 5 318 68 318 68 328 68 328 176 319 176 319 176 0 6 0 3
 8388608 5 337 68 337 68 343 68 343 187 332 187 332 215 0 6 0 3
 65535 5 358 215 358 215 358 244 176 244 176 93 176 93 0 3 0 4
 12632256 5 356 68 356 68 356 201 345 201 345 215 345 215 0 6 0 3
1
 7133 1 16 261 228 5 0 8583336 23436048 3
