Version 0.9.7
5
 4 10 175 77 128 0 1
 5 80 400 206 81 2 2
 0 110 110 877 276 8 3
 3 43 7 203 58 140 4
 1 220 480 206 81 149 5
 0
18
 16711680 5 71 288 71 288 71 358 71 358 163 358 163 358 0 1 0 3
 16711680 5 930 124 930 124 981 124 981 371 930 371 930 371 0 3 0 3
 16711680 5 930 358 930 358 969 358 969 137 930 137 930 137 0 3 0 3
 16711680 5 71 189 71 189 70 189 70 124 163 124 163 124 0 1 0 3
 16711680 5 71 275 71 275 54 275 54 275 54 44 54 44 0 1 0 4
 16711680 5 267 176 267 176 267 176 267 124 267 124 267 124 0 3 0 3
 16711680 5 345 319 345 319 345 319 345 358 345 358 345 358 0 3 0 3
 65535 5 345 215 345 215 345 51 345 51 229 51 229 51 0 3 0 4
 16711680 5 235 491 235 491 235 371 235 371 241 371 241 371 0 5 0 3
 16711680 5 228 358 228 358 228 549 228 549 235 549 235 549 0 3 0 5
 255 5 293 215 293 215 273 215 273 491 276 491 276 491 0 3 0 5
 65280 5 306 215 306 215 302 215 302 491 295 491 295 491 0 3 0 5
 16711808 5 314 491 314 491 314 462 267 462 267 280 267 280 0 5 0 3
 33023 5 333 491 333 491 331 491 331 450 280 450 280 280 0 5 0 3
 16512 5 352 491 352 491 352 435 293 435 293 280 293 280 0 5 0 3
 8388736 5 371 491 371 491 371 419 306 419 306 280 306 280 0 5 0 3
 8421440 5 390 491 390 491 390 401 319 401 319 280 319 280 0 5 0 3
 16711935 5 409 491 409 491 409 383 332 383 332 280 332 280 0 5 0 3
1
 7030 1 14 261 228 5 0 8583336 23436048 3
